00	0	0
10	0	1
01	0	1
11	1	1
Mask	Output 1	Output 2
00	0	0
10	0	1
01	0	1
11	1	1
Mask	Output 1
00	     0
10	     0
01	     0
11	     1
Mask	Output 1
00	   0


10	   0


01	   0


11	   1




Mask	Output 1
00	   0
10	   0
01	   0
11	   1




Mask	Output 1
0000	   1
1000	   0
0100	   0
1100	   0
0010	   0
1010	   1
0110	   1
1110	   1
0001	   1
1001	   0
0101	   0
1101	   0
0011	   1
1011	   1
0111	   1
1111	   1




Mask	Output 1
00	   0
10	   0
01	   0
11	   1




Mask	Output 1	Output 2
00	   0	   0
10	   0	   0
01	   0	   0
11	   1	   1




Mask	Output 1	Output 2
00	   1	   1
10	   1	   1
01	   0	   0
11	   0	   0




Mask	Output 1	Output 2
00	   0	   0
10	   1	   1
01	   1	   1
11	   1	   1




Mask	Output 1	Output 2
00	   0	   0
10	   0	   0
01	   0	   0
11	   1	   1




Mask	Output 1	Output 2	Output 3	Output 4	Output 5
0000	   0	   1	   1	   0	   0
1000	   0	   1	   1	   0	   0
0100	   0	   1	   1	   0	   0
1100	   0	   1	   1	   0	   0
0010	   0	   1	   1	   0	   0
1010	   0	   1	   1	   0	   0
0110	   0	   1	   1	   0	   0
1110	   0	   1	   1	   0	   0
0001	   0	   1	   1	   0	   0
1001	   0	   1	   1	   0	   0
0101	   0	   1	   1	   0	   0
1101	   0	   1	   1	   0	   0
0011	   0	   1	   1	   0	   0
1011	   0	   1	   1	   0	   0
0111	   0	   1	   1	   0	   0
1111	   0	   1	   1	   0	   0


